[0.03275965208663228,0.0870958343254706]
[0.03304474327378323,0.035903498541779155]
[0.03070215996098663,0.053295194218014305]
[0.010642814558819484,-0.09003592008405929]
[0.04352322482332773,0.08832723464118886]
[0.004582153401305456,0.036205536454798876]
[0.06779283175559175,-0.023166105232867714]
[0.03745736629067664,0.05352335708569014]
[0.06388971680205975,-0.03842036391107921]
[0.0746532895387552,-0.037188963595360953]
[0.04352322482332773,0.08832723464118886]
[0.010642814558819484,-0.09003592008405929]
[0.032745582102699664,0.08755904166658005]
[0.073419017446091,-0.02655416466746269]
[0.08419666016671908,-0.025785971692853873]
[0.0036927543750203884,0.04652663460948084]
[0.010642814558819484,-0.09003592008405929]
[0.048428420805425094,0.06770984020172274]
[0.032745582102699664,0.08755904166658005]
[0.0036927543750203884,0.04652663460948084]
[0.06220095941360621,-3.7799211633701355E-4]
[0.04352322482332773,0.08832723464118886]
[0.010642814558819484,-0.09003592008405929]
[0.048428420805425094,0.06770984020172274]
[0.08419666016671908,-0.025785971692853873]
[0.032745582102699664,0.08755904166658005]
[0.03364905111291734,0.07677473617078864]
[0.08419666016671908,-0.025785971692853873]
[0.05005287952404465,0.07415486971080248]
[0.0792914641846217,-0.005168577253387752]
[0.020186185186783355,-0.07863292818155221]
[0.02840352559881614,0.0545745846690193]
[0.033308721580913504,0.03395719022955318]
[0.0792914641846217,-0.005168577253387752]
[0.08419666016671908,-0.025785971692853873]
[0.032745582102699664,0.08755904166658005]
[0.028139547291685864,0.05652089298124528]
[0.040735060525053865,0.07715240560635762]
[0.010642814558819484,-0.09003592008405929]
[0.07432248645630868,-0.0373384701632541]
[0.03141724152606309,0.08014994150191276]
[0.03371587588823358,0.07887055105090776]
[0.08419666016671908,-0.025785971692853873]
[0.023202211474735793,0.07615604976407296]
[0.007818533943093925,0.04434970810412938]
[0.08419666016671908,-0.025785971692853873]
[0.05055610084725666,-0.02512653173073992]
[0.06779283175559175,-0.023166105232867714]
[0.04352322482332773,0.08832723464118886]
[0.07487884116772829,-0.022788435797298733]
[0.04352322482332773,0.08832723464118886]
[0.005737618576722114,-0.06941852564459317]
[0.03794689622678001,0.06597757657152638]
[0.07343308743002362,-0.02701737200857213]
[0.010642814558819484,-0.09003592008405929]
[0.073419017446091,-0.02655416466746269]
[0.08419666016671908,-0.025785971692853873]
[0.08419666016671908,-0.025785971692853873]
[-0.022028893035097696,0.052144036965022136]
[0.004113159858102559,-0.0758635551536729]
[0.08419666016671908,-0.025785971692853873]
[0.07343308743002362,-0.02701737200857213]
[0.058475012756600976,-0.020168569337312574]
[0.07432248645630868,-0.0373384701632541]
[0.08419666016671908,-0.025785971692853873]
[0.08419666016671908,-0.025785971692853873]
[0.010777642720628066,7.681929746088221E-4]
[0.025765451029075702,0.057258504613927924]
[0.004113159858102559,-0.0758635551536729]
[0.044010902401101906,0.03418360438583965]
[0.028328063698376475,0.05403280585069695]
[0.0792914641846217,-0.005168577253387752]
[-0.0032776942343772236,-0.02362904852066748]
[0.03794689622678001,0.06597757657152638]
[0.07438931123162491,-0.03524265528313497]
[0.020450163493913626,-0.08057923649377818]
[-0.005625064623970392,0.04952417050503598]
[0.0746532895387552,-0.037188963595360953]
[0.07343308743002362,-0.02701737200857213]
[0.057070211802535756,0.0058388745250668875]
[0.0792914641846217,-0.005168577253387752]
[0.032750514511164716,-0.04719069387758765]
[0.01826537358127548,0.044968394510845056]
[0.015280989204685985,-0.05801553374208608]
[0.028139547291685864,0.05652089298124528]
[0.03141724152606309,0.08014994150191276]
[0.001960157188495841,0.022500913348945002]
[0.08419666016671908,-0.025785971692853873]
[0.027847170887396536,0.040024550303063934]
[0.03794689622678001,0.06597757657152638]
[0.06974809355665783,-0.016571569155894833]
[0.08419666016671908,-0.025785971692853873]
[0.04279070029237032,0.04435519597262848]
[0.048428420805425094,0.06770984020172274]
[0.07151877841259699,-0.003375528011892153]
[0.04352322482332773,0.08832723464118886]
[0.08419666016671908,-0.025785971692853873]
[0.07432248645630868,-0.0373384701632541]
[0.021873870898099217,0.06874694959940568]
[0.08419666016671908,-0.025785971692853873]
[0.04352322482332773,0.08832723464118886]
[-1.2075817787596949E-4,-0.09126732039977754]
[0.04352322482332773,0.08832723464118886]
[0.073419017446091,-0.02655416466746269]
[0.013884392475745008,0.0791535856596281]
[0.07438931123162491,-0.03524265528313497]
[0.02160989259096894,0.07069325791163167]
[0.06661358243049963,0.017241866427573967]
[0.08419666016671908,-0.025785971692853873]
[0.06851382146399364,-0.005936770227996574]
[0.04352322482332773,0.08832723464118886]
[0.012391074484415596,-0.043015042644415344]
[0.0746532895387552,-0.037188963595360953]
[0.0036927543750203884,0.04652663460948084]
[0.04352322482332773,0.08832723464118886]
[0.08419666016671908,-0.025785971692853873]
[0.08419666016671908,-0.025785971692853873]
[0.005737618576722114,-0.06941852564459317]
[0.05183725576709246,-0.024384710072573482]
[0.07432248645630868,-0.0373384701632541]
[-1.3482816180858566E-4,-0.09080411305866812]
[0.08419666016671908,-0.025785971692853873]
[-0.006664482862525507,-0.07663174812828175]
[0.008910519360002218,0.03107731547778964]
[0.004113159858102559,-0.0758635551536729]
[0.08419666016671908,-0.025785971692853873]
[0.04352322482332773,0.08832723464118886]
[0.05870647252889948,-0.015393453818277676]
[0.048428420805425094,0.06770984020172274]
[0.08419666016671908,-0.025785971692853873]
[0.03766484806872965,0.06647843988600449]
[0.024172505260269712,0.06746755914840068]
[0.0792914641846217,-0.005168577253387752]
[0.00881860659866107,0.02440339069610483]
[0.055445753083916194,-6.061549840128539E-4]
[0.08419666016671908,-0.025785971692853873]
[0.08419666016671908,-0.025785971692853873]
[0.048428420805425094,0.06770984020172274]
[0.08419666016671908,-0.025785971692853873]
[0.048428420805425094,0.06770984020172274]
[0.08419666016671908,-0.025785971692853873]
[0.042583218514317324,0.03140011317231412]
[0.04352322482332773,0.08832723464118886]
[0.04352322482332773,0.08832723464118886]
[0.073419017446091,-0.02655416466746269]
[0.028139547291685864,0.05652089298124528]
[0.06451513752121453,-0.0467951537535352]
[0.08419666016671908,-0.025785971692853873]
[0.010642814558819484,-0.09003592008405929]
[0.06411526843103284,-0.02401983611301699]
[0.024331232113926564,0.07977227206634378]
[0.08419666016671908,-0.025785971692853873]
[0.07343308743002362,-0.02701737200857213]
[0.004113159858102559,-0.0758635551536729]
[0.028139547291685864,0.05652089298124528]
[0.08419666016671908,-0.025785971692853873]
[0.06997364518563093,-0.002171041357832613]
[0.03364905111291734,0.07677473617078864]
[0.03751249036400778,0.02540554039494975]
[0.06507149223263414,-0.03224511938757983]
[0.07438931123162491,-0.03524265528313497]
[0.04352322482332773,0.08832723464118886]
[0.054015543091649354,-0.04997286238147944]
[0.020186185186783355,-0.07863292818155221]
[0.04352322482332773,0.08832723464118886]
[0.048428420805425094,0.06770984020172274]
[-0.002112136296393733,0.04769860074626947]
[0.08419666016671908,-0.025785971692853873]
[0.005737618576722114,-0.06941852564459317]
[0.021724815825668174,0.020122063860105538]
[0.010642814558819484,-0.09003592008405929]
[0.04352322482332773,0.08832723464118886]
[0.06997364518563093,-0.002171041357832613]
[0.08419666016671908,-0.025785971692853873]
[0.0426475171841513,-0.013087288131507809]
[0.073419017446091,-0.02655416466746269]
[0.07487884116772829,-0.022788435797298733]
[0.04352322482332773,0.08832723464118886]
[-0.0058506162529434825,0.03512364270697376]
[0.03275965208663228,0.0870958343254706]
[0.0032237608318174925,-0.06554245699899094]
[0.0746532895387552,-0.037188963595360953]
[0.07151877841259699,-0.003375528011892153]
[0.04050950889608078,0.0627518778082954]
[0.03794689622678001,0.06597757657152638]
[-1.3482816180858566E-4,-0.09080411305866812]
[0.015611792287132498,-0.05786602717419294]
[0.08419666016671908,-0.025785971692853873]
[0.023170569563372847,0.024351000071378928]
[0.028139547291685864,0.05652089298124528]
[0.04352322482332773,0.08832723464118886]
[0.07276180948390477,0.00900378767699863]
[0.04352322482332773,0.08832723464118886]
[0.028139547291685864,0.05652089298124528]
[0.02758319258026626,0.04197085861528991]
[0.048428420805425094,0.06770984020172274]
[-1.2075817787596949E-4,-0.09126732039977754]
[0.07343308743002362,-0.02701737200857213]
[0.073419017446091,-0.02655416466746269]
[0.0792914641846217,-0.005168577253387752]
[0.04352322482332773,0.08832723464118886]
[0.04352322482332773,0.08832723464118886]
[0.07438931123162491,-0.03524265528313497]
[0.01267097513380767,0.0211732914434347]
[0.010642814558819484,-0.09003592008405929]
[0.07766700546600215,-0.01161360676246749]
[0.020516988269229867,-0.07848342161365907]
[0.08419666016671908,-0.025785971692853873]
[0.08419666016671908,-0.025785971692853873]
[0.024398056889242802,0.0818680869464629]
[0.06477911582834481,-0.04874146206576118]
[0.0036927543750203884,0.04652663460948084]
[0.08419666016671908,-0.025785971692853873]
[0.0746532895387552,-0.037188963595360953]
[0.012964284991595399,-0.05818158828882895]
[0.044419675801595684,-0.044565810832588884]
[0.07438931123162491,-0.03524265528313497]
[-0.007249523342589947,0.043079140995956236]
[0.04352322482332773,0.08832723464118886]
[0.08419666016671908,-0.025785971692853873]
[0.03275965208663228,0.0870958343254706]
[0.08419666016671908,-0.025785971692853873]
[0.004113159858102559,-0.0758635551536729]
[0.07151877841259699,-0.003375528011892153]
[0.08419666016671908,-0.025785971692853873]
[0.08419666016671908,-0.025785971692853873]
[0.010642814558819484,-0.09003592008405929]
[0.05863964775358324,-0.0174892686983968]
[0.04352322482332773,0.08832723464118886]
[0.03159898953607856,0.031674562330505765]
[0.06362573849492946,-0.03647405559885322]
[0.02160989259096894,0.07069325791163167]
[0.0036927543750203884,0.04652663460948084]
[-0.005260680385449268,-0.06868086914529209]
[0.08419666016671908,-0.025785971692853873]
[0.07766700546600215,-0.01161360676246749]
[0.03397985419536386,0.07692424273868177]
[0.05005287952404465,0.07415486971080248]
[0.04352322482332773,0.08832723464118886]
[0.08419666016671908,-0.025785971692853873]
[0.0792914641846217,-0.005168577253387752]
[0.020516988269229867,-0.07848342161365907]
[0.040178705813634266,0.06260237124040226]
[0.038774903336558024,0.054651492257412615]
[0.03364905111291734,0.07677473617078864]
[0.024331232113926564,0.07977227206634378]
[0.03794689622678001,0.06597757657152638]
[0.005516962335178798,-0.06791267617068326]
[0.01268623670053251,-0.05577207263549354]
[0.073419017446091,-0.02655416466746269]
[0.08419666016671908,-0.025785971692853873]
[0.018596176663721993,0.045117901078738205]
[0.0746532895387552,-0.037188963595360953]
[0.03371587588823358,0.07887055105090776]
[0.07432248645630868,-0.0373384701632541]
[0.05546129682935403,-0.04574392617020604]
[0.02288547837622189,0.07554333585507039]
[0.024662035196373076,0.07992177863423691]
[0.08419666016671908,-0.025785971692853873]
[0.026679723570048577,0.05275516411108132]
[0.08419666016671908,-0.025785971692853873]
[0.0570292590188963,-0.02439750554858597]
[0.08419666016671908,-0.025785971692853873]
[0.03397985419536386,0.07692424273868177]
[0.048428420805425094,0.06770984020172274]
[0.08419666016671908,-0.025785971692853873]
[0.04352322482332773,0.08832723464118886]
[0.008720150594982424,-0.03303244713284749]
[0.0746532895387552,-0.037188963595360953]
[0.037390541515360406,0.05142754220557101]
[0.07487884116772829,-0.022788435797298733]
[0.0669034327293067,-0.012845007078185745]
[0.02791399566271277,0.042120365183183066]
[0.08419666016671908,-0.025785971692853873]
[0.0746532895387552,-0.037188963595360953]
[0.06043027455766705,-0.013574033260339693]
[0.08419666016671908,-0.025785971692853873]
[0.08419666016671908,-0.025785971692853873]
[0.048649077046968414,0.06620399072781286]
[0.04352322482332773,0.08832723464118886]
[0.028139547291685864,0.05652089298124528]
[0.0036927543750203884,0.04652663460948084]
[0.08419666016671908,-0.025785971692853873]
[0.03745736629067664,0.05352335708569014]
[0.010642814558819484,-0.09003592008405929]
[0.04352322482332773,0.08832723464118886]
[0.009686590757218175,-0.08181063680949643]
[0.0792914641846217,-0.005168577253387752]
[0.04352322482332773,0.08832723464118886]
[0.04352322482332773,0.08832723464118886]
[0.010642814558819484,-0.09003592008405929]
[0.08419666016671908,-0.025785971692853873]
[0.07766700546600215,-0.01161360676246749]
[0.0650046674573179,-0.034340934267698964]
[0.08419666016671908,-0.025785971692853873]
[0.08419666016671908,-0.025785971692853873]
[0.08419666016671908,-0.025785971692853873]
[0.03794689622678001,0.06597757657152638]
[0.0746532895387552,-0.037188963595360953]
[0.08419666016671908,-0.025785971692853873]
[0.01206652196300507,0.059290266009124584]
[0.0746532895387552,-0.037188963595360953]
[0.0036927543750203884,0.04652663460948084]
[0.028139547291685864,0.05652089298124528]
[0.073419017446091,-0.02655416466746269]
[0.07487884116772829,-0.022788435797298733]
[0.038885050177461224,0.056306848299215666]
[0.04726286286744161,-0.0036178090652142173]
[0.08419666016671908,-0.025785971692853873]
[-0.0058506162529434825,0.03512364270697376]
[0.0013249955598286997,-0.08703838418850415]
[0.06812363483803828,-0.02301659866497457]
[0.0746532895387552,-0.037188963595360953]
[0.07432248645630868,-0.0373384701632541]
[0.07438931123162491,-0.03524265528313497]
[0.08419666016671908,-0.025785971692853873]
[0.006529654700716921,-0.01417236493038638]
[0.010642814558819484,-0.09003592008405929]
[0.048428420805425094,0.06770984020172274]
[0.0238417021778232,0.06731805258050753]
[0.04352322482332773,0.08832723464118886]
[0.07343308743002362,-0.02701737200857213]
[-0.005204659140888221,-0.07286601925811775]
[0.08419666016671908,-0.025785971692853873]
