[0.032759652086631896,0.08709583432891839]
[0.03304474327378429,0.03590349853273439]
[0.030702159960986616,0.05329519421706758]
[0.010642814558819538,-0.09003592008575241]
[0.04352322482332744,0.08832723464358529]
[0.004582153401305513,0.03620553645391768]
[0.06779283175559128,-0.023166105229118557]
[0.037457366290677425,0.053523357078645244]
[0.06388971680205954,-0.03842036390947807]
[0.07465328953875508,-0.03718896359481117]
[0.04352322482332744,0.08832723464358529]
[0.010642814558819538,-0.09003592008575241]
[0.03274558210269931,0.08755904166984196]
[0.0734190174460909,-0.026554164666353602]
[0.08419666016671903,-0.025785971692610272]
[0.003692754375020482,0.04652663460910355]
[0.010642814558819538,-0.09003592008575241]
[0.048428420805424706,0.06770984020495319]
[0.03274558210269931,0.08755904166984196]
[0.003692754375020482,0.04652663460910355]
[0.062200959413606774,-3.7799212054037343E-4]
[0.04352322482332744,0.08832723464358529]
[0.010642814558819538,-0.09003592008575241]
[0.048428420805424706,0.06770984020495319]
[0.08419666016671903,-0.025785971692610272]
[0.03274558210269931,0.08755904166984196]
[0.033649051112916925,0.07677473617373251]
[0.08419666016671903,-0.025785971692610272]
[0.05005287952404469,0.0741548697102408]
[0.07929146418462177,-0.005168577253978167]
[0.020186185186783494,-0.07863292818355151]
[0.02840352559881719,0.05457458466013792]
[0.033308721580914455,0.03395719022150581]
[0.07929146418462177,-0.005168577253978167]
[0.08419666016671903,-0.025785971692610272]
[0.03274558210269931,0.08755904166984196]
[0.028139547291687023,0.05652089297136649]
[0.040735060525054295,0.07715240560296205]
[0.010642814558819538,-0.09003592008575241]
[0.07432248645630853,-0.03733847016246304]
[0.03141724152606389,0.0801499414956833]
[0.03371587588823332,0.07887055105261295]
[0.08419666016671903,-0.025785971692610272]
[0.023202211474735356,0.07615604976764107]
[0.007818533943094941,0.04434970809542226]
[0.08419666016671903,-0.025785971692610272]
[0.05055610084725691,-0.025126531733310586]
[0.06779283175559128,-0.023166105229118557]
[0.04352322482332744,0.08832723464358529]
[0.07487884116772864,-0.022788435799889026]
[0.04352322482332744,0.08832723464358529]
[0.0057376185767222705,-0.0694185256471203]
[0.03794689622678114,0.06597757656233882]
[0.0734330874300235,-0.02701737200727717]
[0.010642814558819538,-0.09003592008575241]
[0.0734190174460909,-0.026554164666353602]
[0.08419666016671903,-0.025785971692610272]
[0.08419666016671903,-0.025785971692610272]
[-0.022028893035097682,0.05214403696531651]
[0.004113159858102284,-0.07586355515240793]
[0.08419666016671903,-0.025785971692610272]
[0.0734330874300235,-0.02701737200727717]
[0.05847501275660088,-0.02016856933639731]
[0.07432248645630853,-0.03733847016246304]
[0.08419666016671903,-0.025785971692610272]
[0.08419666016671903,-0.025785971692610272]
[0.010777642720628129,7.681929737433277E-4]
[0.025765451029076458,0.05725850460904624]
[0.004113159858102284,-0.07586355515240793]
[0.04401090240110145,0.034183604389858555]
[0.028328063698376052,0.05403280585474733]
[0.07929146418462177,-0.005168577253978167]
[-0.003277694234376868,-0.023629048524316805]
[0.03794689622678114,0.06597757656233882]
[0.07438931123162491,-0.03524265528358259]
[0.02045016349391366,-0.08057923649478009]
[-0.005625064623969918,0.049524170501824796]
[0.07465328953875508,-0.03718896359481117]
[0.0734330874300235,-0.02701737200727717]
[0.05707021180253596,0.005838874523169583]
[0.07929146418462177,-0.005168577253978167]
[0.03275051451116464,-0.04719069387848851]
[0.018265373581276514,0.04496839450151373]
[0.015280989204686226,-0.0580155337449194]
[0.028139547291687023,0.05652089297136649]
[0.03141724152606389,0.0801499414956833]
[0.001960157188496665,0.022500913342123265]
[0.08419666016671903,-0.025785971692610272]
[0.027847170887397084,0.0400245502975639]
[0.03794689622678114,0.06597757656233882]
[0.06974809355665781,-0.016571569156179067]
[0.08419666016671903,-0.025785971692610272]
[0.04279070029236986,0.044355195977392556]
[0.048428420805424706,0.06770984020495319]
[0.07151877841259718,-0.003375528013261622]
[0.04352322482332744,0.08832723464358529]
[0.08419666016671903,-0.025785971692610272]
[0.07432248645630853,-0.03733847016246304]
[0.02187387089809994,0.0687469495934824]
[0.08419666016671903,-0.025785971692610272]
[0.04352322482332744,0.08832723464358529]
[-1.2075817787600591E-4,-0.09126732040041931]
[0.04352322482332744,0.08832723464358529]
[0.0734190174460909,-0.026554164666353602]
[0.013884392475744956,0.07915358566036232]
[0.07438931123162491,-0.03524265528358259]
[0.02160989259096977,0.07069325790471098]
[0.06661358243049992,0.017241866425370483]
[0.08419666016671903,-0.025785971692610272]
[0.06851382146399365,-0.005936770227721494]
[0.04352322482332744,0.08832723464358529]
[0.01239107448441594,-0.043015042648282015]
[0.07465328953875508,-0.03718896359481117]
[0.003692754375020482,0.04652663460910355]
[0.04352322482332744,0.08832723464358529]
[0.08419666016671903,-0.025785971692610272]
[0.08419666016671903,-0.025785971692610272]
[0.0057376185767222705,-0.0694185256471203]
[0.05183725576709255,-0.024384710074086713]
[0.07432248645630853,-0.03733847016246304]
[-1.3482816180859086E-4,-0.09080411305949573]
[0.08419666016671903,-0.025785971692610272]
[-0.006664482862525845,-0.07663174812615126]
[0.008910519360001588,0.031077315482693664]
[0.004113159858102284,-0.07586355515240793]
[0.08419666016671903,-0.025785971692610272]
[0.04352322482332744,0.08832723464358529]
[0.058706472528899524,-0.015393453818693817]
[0.048428420805424706,0.06770984020495319]
[0.08419666016671903,-0.025785971692610272]
[0.03766484806872916,0.06647843989028629]
[0.024172505260269365,0.06746755915041205]
[0.07929146418462177,-0.005168577253978167]
[0.00881860659866118,0.024403390696209816]
[0.055445753083915965,-6.06154982118044E-4]
[0.08419666016671903,-0.025785971692610272]
[0.08419666016671903,-0.025785971692610272]
[0.048428420805424706,0.06770984020495319]
[0.08419666016671903,-0.025785971692610272]
[0.048428420805424706,0.06770984020495319]
[0.08419666016671903,-0.025785971692610272]
[0.04258321851431812,0.03140011316575152]
[0.04352322482332744,0.08832723464358529]
[0.04352322482332744,0.08832723464358529]
[0.0734190174460909,-0.026554164666353602]
[0.028139547291687023,0.05652089297136649]
[0.06451513752121442,-0.04679515375343536]
[0.08419666016671903,-0.025785971692610272]
[0.010642814558819538,-0.09003592008575241]
[0.0641152684310331,-0.024019836114555923]
[0.02433123211392653,0.07977227206645376]
[0.08419666016671903,-0.025785971692610272]
[0.0734330874300235,-0.02701737200727717]
[0.004113159858102284,-0.07586355515240793]
[0.028139547291687023,0.05652089297136649]
[0.08419666016671903,-0.025785971692610272]
[0.06997364518563137,-0.002171041361256917]
[0.033649051112916925,0.07677473617373251]
[0.037512490364007736,0.025405540394527262]
[0.06507149223263452,-0.032245119390861346]
[0.07438931123162491,-0.03524265528358259]
[0.04352322482332744,0.08832723464358529]
[0.054015543091649035,-0.04997286237933084]
[0.020186185186783494,-0.07863292818355151]
[0.04352322482332744,0.08832723464358529]
[0.048428420805424706,0.06770984020495319]
[-0.002112136296393995,0.04769860074843911]
[0.08419666016671903,-0.025785971692610272]
[0.0057376185767222705,-0.0694185256471203]
[0.02172481582566864,0.020122063855493477]
[0.010642814558819538,-0.09003592008575241]
[0.04352322482332744,0.08832723464358529]
[0.06997364518563137,-0.002171041361256917]
[0.08419666016671903,-0.025785971692610272]
[0.0426475171841509,-0.013087288128473807]
[0.0734190174460909,-0.026554164666353602]
[0.07487884116772864,-0.022788435799889026]
[0.04352322482332744,0.08832723464358529]
[-0.005850616252943474,0.03512364270690265]
[0.032759652086631896,0.08709583432891839]
[0.0032237608318172514,-0.06554245699722207]
[0.07465328953875508,-0.03718896359481117]
[0.07151877841259718,-0.003375528013261622]
[0.04050950889608074,0.0627518778080399]
[0.03794689622678114,0.06597757656233882]
[-1.3482816180859086E-4,-0.09080411305949573]
[0.01561179228713278,-0.057866027177267534]
[0.08419666016671903,-0.025785971692610272]
[0.02317056956337378,0.02435100006288162]
[0.028139547291687023,0.05652089297136649]
[0.04352322482332744,0.08832723464358529]
[0.07276180948390451,0.009003787679366314]
[0.04352322482332744,0.08832723464358529]
[0.028139547291687023,0.05652089297136649]
[0.027583192580266917,0.04197085860879248]
[0.048428420805424706,0.06770984020495319]
[-1.2075817787600591E-4,-0.09126732040041931]
[0.0734330874300235,-0.02701737200727717]
[0.0734190174460909,-0.026554164666353602]
[0.07929146418462177,-0.005168577253978167]
[0.04352322482332744,0.08832723464358529]
[0.04352322482332744,0.08832723464358529]
[0.07438931123162491,-0.03524265528358259]
[0.012670975133808406,0.02117329143698615]
[0.010642814558819538,-0.09003592008575241]
[0.07766700546600178,-0.011613606759265793]
[0.020516988269230048,-0.07848342161589965]
[0.08419666016671903,-0.025785971692610272]
[0.08419666016671903,-0.025785971692610272]
[0.024398056889242917,0.0818680869453342]
[0.06477911582834457,-0.04874146206466394]
[0.003692754375020482,0.04652663460910355]
[0.08419666016671903,-0.025785971692610272]
[0.07465328953875508,-0.03718896359481117]
[0.012964284991594984,-0.05818158828513018]
[0.04441967580159588,-0.044565810834457445]
[0.07438931123162491,-0.03524265528358259]
[-0.007249523342589903,0.04307914099653717]
[0.04352322482332744,0.08832723464358529]
[0.08419666016671903,-0.025785971692610272]
[0.032759652086631896,0.08709583432891839]
[0.08419666016671903,-0.025785971692610272]
[0.004113159858102284,-0.07586355515240793]
[0.07151877841259718,-0.003375528013261622]
[0.08419666016671903,-0.025785971692610272]
[0.08419666016671903,-0.025785971692610272]
[0.010642814558819538,-0.09003592008575241]
[0.058639647753583136,-0.017489268697574264]
[0.04352322482332744,0.08832723464358529]
[0.03159898953607915,0.03167456232534624]
[0.06362573849492938,-0.03647405559824949]
[0.02160989259096977,0.07069325790471098]
[0.003692754375020482,0.04652663460910355]
[-0.005260680385449294,-0.068680869146602]
[0.08419666016671903,-0.025785971692610272]
[0.07766700546600178,-0.011613606759265793]
[0.033979854195363486,0.07692424274138439]
[0.05005287952404469,0.0741548697102408]
[0.04352322482332744,0.08832723464358529]
[0.08419666016671903,-0.025785971692610272]
[0.07929146418462177,-0.005168577253978167]
[0.020516988269230048,-0.07848342161589965]
[0.04017870581363418,0.06260237124038805]
[0.03877490333655763,0.054651492260838784]
[0.033649051112916925,0.07677473617373251]
[0.02433123211392653,0.07977227206645376]
[0.03794689622678114,0.06597757656233882]
[0.005516962335178835,-0.06791267617285868]
[0.012686236700532233,-0.05577207263297803]
[0.0734190174460909,-0.026554164666353602]
[0.08419666016671903,-0.025785971692610272]
[0.01859617666372307,0.04511790106916559]
[0.07465328953875508,-0.03718896359481117]
[0.03371587588823332,0.07887055105261295]
[0.07432248645630853,-0.03733847016246304]
[0.055461296829354176,-0.04574392617194269]
[0.022885478376221388,0.07554333585906561]
[0.024662035196373083,0.07992177863410564]
[0.08419666016671903,-0.025785971692610272]
[0.026679723570049295,0.052755164104901914]
[0.08419666016671903,-0.025785971692610272]
[0.05702925901889573,-0.024397505543785454]
[0.08419666016671903,-0.025785971692610272]
[0.033979854195363486,0.07692424274138439]
[0.048428420805424706,0.06770984020495319]
[0.08419666016671903,-0.025785971692610272]
[0.04352322482332744,0.08832723464358529]
[0.008720150594982849,-0.03303244713810748]
[0.07465328953875508,-0.03718896359481117]
[0.03739054151536104,0.0514275421997648]
[0.07487884116772864,-0.022788435799889026]
[0.06690343272930624,-0.01284500707393269]
[0.02791399566271347,0.042120365176444345]
[0.08419666016671903,-0.025785971692610272]
[0.07465328953875508,-0.03718896359481117]
[0.06043027455766742,-0.013574033263457817]
[0.08419666016671903,-0.025785971692610272]
[0.08419666016671903,-0.025785971692610272]
[0.04864907704696814,0.06620399073069157]
[0.04352322482332744,0.08832723464358529]
[0.028139547291687023,0.05652089297136649]
[0.003692754375020482,0.04652663460910355]
[0.08419666016671903,-0.025785971692610272]
[0.037457366290677425,0.053523357078645244]
[0.010642814558819538,-0.09003592008575241]
[0.04352322482332744,0.08832723464358529]
[0.009686590757218115,-0.08181063680944699]
[0.07929146418462177,-0.005168577253978167]
[0.04352322482332744,0.08832723464358529]
[0.04352322482332744,0.08832723464358529]
[0.010642814558819538,-0.09003592008575241]
[0.08419666016671903,-0.025785971692610272]
[0.07766700546600178,-0.011613606759265793]
[0.06500466745731813,-0.034340934269741795]
[0.08419666016671903,-0.025785971692610272]
[0.08419666016671903,-0.025785971692610272]
[0.08419666016671903,-0.025785971692610272]
[0.03794689622678114,0.06597757656233882]
[0.07465328953875508,-0.03718896359481117]
[0.08419666016671903,-0.025785971692610272]
[0.012066521963005816,0.05929026600251008]
[0.07465328953875508,-0.03718896359481117]
[0.003692754375020482,0.04652663460910355]
[0.028139547291687023,0.05652089297136649]
[0.0734190174460909,-0.026554164666353602]
[0.07487884116772864,-0.022788435799889026]
[0.03888505017746075,0.05630684830275229]
[0.047262862867441836,-0.0036178090678027396]
[0.08419666016671903,-0.025785971692610272]
[-0.005850616252943474,0.03512364270690265]
[0.0013249955598291386,-0.08703838419303116]
[0.06812363483803782,-0.023016598661466693]
[0.07465328953875508,-0.03718896359481117]
[0.07432248645630853,-0.03733847016246304]
[0.07438931123162491,-0.03524265528358259]
[0.08419666016671903,-0.025785971692610272]
[0.006529654700717253,-0.014172364933344481]
[0.010642814558819538,-0.09003592008575241]
[0.048428420805424706,0.06770984020495319]
[0.02384170217782281,0.0673180525827602]
[0.04352322482332744,0.08832723464358529]
[0.0734330874300235,-0.02701737200727717]
[-0.005204659140888115,-0.07286601925968668]
[0.08419666016671903,-0.025785971692610272]
