[-0.032759652086631924,0.08709583432813821,-0.03277591512665744]
[-0.03304474327378416,0.035903498535266226,0.004875219132246443]
[-0.03070215996098652,0.05329519421874773,-0.0743731051816967]
[-0.010642814558819453,-0.09003592008411725,-0.12218043821766253]
[-0.04352322482332743,0.08832723464342095,-0.0605165321425014]
[-0.004582153401305479,0.03620553645455553,0.02437549347747311]
[-0.06779283175559128,-0.02316610522991885,-0.007055612166091296]
[-0.037457366290677294,0.05352335708114617,-0.021985404443254353]
[-0.06388971680205954,-0.0384203639100566,0.03343212198123539]
[-0.07465328953875505,-0.03718896359477386,0.005691504965391423]
[-0.04352322482332743,0.08832723464342095,-0.0605165321425014]
[-0.010642814558819453,-0.09003592008411725,-0.12218043821766253]
[-0.03274558210269933,0.0875590416690395,-0.032925001271886356]
[-0.07341901744609092,-0.02655416466730443,0.04988422434677016]
[-0.08419666016671902,-0.02578597169292297,0.022292693476155118]
[-0.0036927543750204976,0.04652663460876945,0.06717839761877425]
[-0.010642814558819453,-0.09003592008411725,-0.12218043821766253]
[-0.04842842080542471,0.0677098402044927,-0.05515640227789001]
[-0.03274558210269933,0.0875590416690395,-0.032925001271886356]
[-0.0036927543750204976,0.04652663460876945,0.06717839761877425]
[-0.06220095941360673,-3.779921200957534E-4,0.007518879176383345]
[-0.04352322482332743,0.08832723464342095,-0.0605165321425014]
[-0.010642814558819453,-0.09003592008411725,-0.12218043821766253]
[-0.04842842080542471,0.0677098402044927,-0.05515640227789001]
[-0.08419666016671902,-0.02578597169292297,0.022292693476155118]
[-0.03274558210269933,0.0875590416690395,-0.032925001271886356]
[-0.0336490511129169,0.07677473617392429,-0.07557881926795856]
[-0.08419666016671902,-0.02578597169292297,0.022292693476155118]
[-0.050052879524044636,0.07415486971092017,-0.04623051362571215]
[-0.07929146418462174,-0.005168577253994708,0.01693256361154373]
[-0.020186185186783424,-0.07863292818226636,-0.10557924970689883]
[-0.028403525598817064,0.054574584662665154,-0.0055446961979077995]
[-0.03330872158091434,0.03395719022373689,-1.8456633329640842E-4]
[-0.07929146418462174,-0.005168577253994708,0.01693256361154373]
[-0.08419666016671902,-0.02578597169292297,0.022292693476155118]
[-0.03274558210269933,0.0875590416690395,-0.032925001271886356]
[-0.028139547291686884,0.05652089297419449,-4.8491073236494805E-4]
[-0.040735060525054226,0.0771524056039685,-0.024730019914822755]
[-0.010642814558819453,-0.09003592008411725,-0.12218043821766253]
[-0.0743224864563085,-0.03733847016241963,0.007230406350697938]
[-0.03141724152606382,0.08014994149701682,-0.0032295262039333493]
[-0.033715875888233285,0.0788705510530994,-0.07205793518772223]
[-0.08419666016671902,-0.02578597169292297,0.022292693476155118]
[-0.023202211474735362,0.07615604976718861,-0.049526189782650054]
[-0.007818533943094817,0.04434970809796215,0.010505431627486395]
[-0.08419666016671902,-0.02578597169292297,0.022292693476155118]
[-0.05055610084725684,-0.025126531732293938,0.006769581686212261]
[-0.06779283175559128,-0.02316610522991885,-0.007055612166091296]
[-0.04352322482332743,0.08832723464342095,-0.0605165321425014]
[-0.07487884116772861,-0.022788435799874645,0.04379318718704452]
[-0.04352322482332743,0.08832723464342095,-0.0605165321425014]
[-0.005737618576722173,-0.069418525645189,-0.12754056808227393]
[-0.03794689622678103,0.06597757656451604,0.011056492312855895]
[-0.07343308743002351,-0.027017372008205708,0.05003331049199908]
[-0.010642814558819453,-0.09003592008411725,-0.12218043821766253]
[-0.07341901744609092,-0.02655416466730443,0.04988422434677016]
[-0.08419666016671902,-0.02578597169292297,0.022292693476155118]
[-0.08419666016671902,-0.02578597169292297,0.022292693476155118]
[0.022028893035097644,0.052144036964821894,0.05933058568741724]
[-0.00411315985810224,-0.07586355515161647,-0.1364664567344518]
[-0.08419666016671902,-0.02578597169292297,0.022292693476155118]
[-0.07343308743002351,-0.027017372008205708,0.05003331049199908]
[-0.05847501275660087,-0.020168569336870525,0.014444881544798109]
[-0.0743224864563085,-0.03733847016241963,0.007230406350697938]
[-0.08419666016671902,-0.02578597169292297,0.022292693476155118]
[-0.08419666016671902,-0.02578597169292297,0.022292693476155118]
[-0.010777642720628092,7.681929743814557E-4,-0.027591530870615038]
[-0.02576545102907647,0.05725850460892842,0.03160462551187576]
[-0.00411315985810224,-0.07586355515161647,-0.1364664567344518]
[-0.044010902401101476,0.034183604388934856,-0.06451496994345964]
[-0.028328063698376107,0.054032805853481664,-0.04228356893745598]
[-0.07929146418462174,-0.005168577253994708,0.01693256361154373]
[0.00327769423437694,-0.023629048522822327,0.0027446154715684012]
[-0.03794689622678103,0.06597757656451604,0.011056492312855895]
[-0.07438931123162487,-0.03524265528324452,0.010751290430934285]
[-0.0204501634939136,-0.0805792364937957,-0.1106390351724417]
[0.0056250646239699095,0.049524170501817774,0.08867889132966365]
[-0.07465328953875505,-0.03718896359477386,0.005691504965391423]
[-0.07343308743002351,-0.027017372008205708,0.05003331049199908]
[-0.057070211802535895,0.0058388745239332926,-0.035942932909881146]
[-0.07929146418462174,-0.005168577253994708,0.01693256361154373]
[-0.03275051451116452,-0.04719069387666407,-0.07378768172671148]
[-0.018265373581276355,0.044968394504697834,-0.015547197857822121]
[-0.015280989204686145,-0.0580155337433381,-0.11093937957151023]
[-0.028139547291686884,0.05652089297419449,-4.8491073236494805E-4]
[-0.03141724152606382,0.08014994149701682,-0.0032295262039333493]
[-0.001960157188496587,0.022500913343751146,0.043606178507941754]
[-0.08419666016671902,-0.02578597169292297,0.022292693476155118]
[-0.027847170887396938,0.04002455030012016,-0.04210747703425438]
[-0.03794689622678103,0.06597757656451604,0.011056492312855895]
[-0.06974809355665777,-0.016571569155845598,3.3137510078003543E-4]
[-0.08419666016671902,-0.02578597169292297,0.022292693476155118]
[-0.042790700292369935,0.04435519597550301,-0.020173164416851973]
[-0.04842842080542471,0.0677098402044927,-0.05515640227789001]
[-0.07151877841259714,-0.0033755280131440787,-0.01398161453450606]
[-0.04352322482332743,0.08832723464342095,-0.0605165321425014]
[-0.08419666016671902,-0.02578597169292297,0.022292693476155118]
[-0.0743224864563085,-0.03733847016241963,0.007230406350697938]
[-0.02187387089809985,0.06874694959516593,-0.019830714714697044]
[-0.08419666016671902,-0.02578597169292297,0.022292693476155118]
[-0.04352322482332743,0.08832723464342095,-0.0605165321425014]
[1.2075817787605622E-4,-0.09126732039939998,-0.09443982120181857]
[-0.04352322482332743,0.08832723464342095,-0.0605165321425014]
[-0.07341901744609092,-0.02655416466730443,0.04988422434677016]
[-0.013884392475744956,0.07915358566023693,-0.02802569607176065]
[-0.07438931123162487,-0.03524265528324452,0.010751290430934285]
[-0.021609892590969675,0.07069325790669527,-0.014770929249154189]
[-0.06661358243049986,0.017241866425784184,-0.019341744399117452]
[-0.08419666016671902,-0.02578597169292297,0.022292693476155118]
[-0.06851382146399365,-0.005936770228376166,0.04452409448215877]
[-0.04352322482332743,0.08832723464342095,-0.0605165321425014]
[-0.012391074484415844,-0.043015042646467855,-0.01963587167966417]
[-0.07465328953875505,-0.03718896359477386,0.005691504965391423]
[-0.0036927543750204976,0.04652663460876945,0.06717839761877425]
[-0.04352322482332743,0.08832723464342095,-0.0605165321425014]
[-0.08419666016671902,-0.02578597169292297,0.022292693476155118]
[-0.08419666016671902,-0.02578597169292297,0.022292693476155118]
[-0.005737618576722173,-0.069418525645189,-0.12754056808227393]
[-0.05183725576709247,-0.02438471007296229,-0.04058530470518408]
[-0.0743224864563085,-0.03733847016241963,0.007230406350697938]
[1.348281618086429E-4,-0.09080411305849871,-0.0945889073470475]
[-0.08419666016671902,-0.02578597169292297,0.022292693476155118]
[0.006664482862525852,-0.07663174812599793,-0.10887492586383674]
[-0.008910519360001607,0.031077315482134115,-0.07394704457367686]
[-0.00411315985810224,-0.07586355515161647,-0.1364664567344518]
[-0.08419666016671902,-0.02578597169292297,0.022292693476155118]
[-0.04352322482332743,0.08832723464342095,-0.0605165321425014]
[-0.0587064725288995,-0.015393453818697712,0.03298269143693794]
[-0.04842842080542471,0.0677098402044927,-0.05515640227789001]
[-0.08419666016671902,-0.02578597169292297,0.022292693476155118]
[-0.037664848068729204,0.06647843988920996,-0.027415785262046046]
[-0.02417250526026931,0.06746755915124851,-0.08865912369848593]
[-0.07929146418462174,-0.005168577253994708,0.01693256361154373]
[-0.008818606598661237,0.024403390695062515,0.07442101846396833]
[-0.055445753083915965,-6.061549824941889E-4,-0.044868821562059]
[-0.08419666016671902,-0.02578597169292297,0.022292693476155118]
[-0.08419666016671902,-0.02578597169292297,0.022292693476155118]
[-0.04842842080542471,0.0677098402044927,-0.05515640227789001]
[-0.08419666016671902,-0.02578597169292297,0.022292693476155118]
[-0.04842842080542471,0.0677098402044927,-0.05515640227789001]
[-0.08419666016671902,-0.02578597169292297,0.022292693476155118]
[-0.042583218514318025,0.03140011316743922,-0.01474278359806028]
[-0.04352322482332743,0.08832723464342095,-0.0605165321425014]
[-0.04352322482332743,0.08832723464342095,-0.0605165321425014]
[-0.07341901744609092,-0.02655416466730443,0.04988422434677016]
[-0.028139547291686884,0.05652089297419449,-4.8491073236494805E-4]
[-0.06451513752121435,-0.04679515375274118,-0.004310996694522895]
[-0.08419666016671902,-0.02578597169292297,0.022292693476155118]
[-0.010642814558819453,-0.09003592008411725,-0.12218043821766253]
[-0.0641152684310331,-0.024019836115157383,0.07153380420288849]
[-0.024331232113926494,0.07977227206697261,-0.054078325557069165]
[-0.08419666016671902,-0.02578597169292297,0.022292693476155118]
[-0.07343308743002351,-0.027017372008205708,0.05003331049199908]
[-0.00411315985810224,-0.07586355515161647,-0.1364664567344518]
[-0.028139547291686884,0.05652089297419449,-4.8491073236494805E-4]
[-0.08419666016671902,-0.02578597169292297,0.022292693476155118]
[-0.06997364518563133,-0.0021710413609463824,0.038433057322433135]
[-0.0336490511129169,0.07677473617392429,-0.07557881926795856]
[-0.03751249036400768,0.02540554039533701,0.03107205480526134]
[-0.06507149223263446,-0.0322451193901962,0.03225178414182369]
[-0.07438931123162487,-0.03524265528324452,0.010751290430934285]
[-0.04352322482332743,0.08832723464342095,-0.0605165321425014]
[-0.05401554309164902,-0.049972862379553264,0.018369834855778207]
[-0.020186185186783424,-0.07863292818226636,-0.10557924970689883]
[-0.04352322482332743,0.08832723464342095,-0.0605165321425014]
[-0.04842842080542471,0.0677098402044927,-0.05515640227789001]
[0.002112136296393976,0.04769860074805861,-0.004927450851219619]
[-0.08419666016671902,-0.02578597169292297,0.022292693476155118]
[-0.005737618576722173,-0.069418525645189,-0.12754056808227393]
[-0.021724815825668535,0.020122063857438505,-0.003946944688256175]
[-0.010642814558819453,-0.09003592008411725,-0.12218043821766253]
[-0.04352322482332743,0.08832723464342095,-0.0605165321425014]
[-0.06997364518563133,-0.0021710413609463824,0.038433057322433135]
[-0.08419666016671902,-0.02578597169292297,0.022292693476155118]
[-0.042647517184150906,-0.013087288128949104,0.002244570554613922]
[-0.07341901744609092,-0.02655416466730443,0.04988422434677016]
[-0.07487884116772861,-0.022788435799874645,0.04379318718704452]
[-0.04352322482332743,0.08832723464342095,-0.0605165321425014]
[0.005850616252943474,0.03512364270691856,0.05057720910801056]
[-0.032759652086631924,0.08709583432813821,-0.03277591512665744]
[-0.00322376083181726,-0.06554245699740256,-0.09366355259315065]
[-0.07465328953875505,-0.03718896359477386,0.005691504965391423]
[-0.07151877841259714,-0.0033755280131440787,-0.01398161453450606]
[-0.04050950889608067,0.06275187780906928,-0.06283170213647585]
[-0.03794689622678103,0.06597757656451604,0.011056492312855895]
[1.348281618086429E-4,-0.09080411305849871,-0.0945889073470475]
[-0.015611792287132695,-0.057866027175692336,-0.11247828095681675]
[-0.08419666016671902,-0.02578597169292297,0.022292693476155118]
[-0.023170569563373634,0.024351000065769568,-0.010187067993210733]
[-0.028139547291686884,0.05652089297419449,-4.8491073236494805E-4]
[-0.04352322482332743,0.08832723464342095,-0.0605165321425014]
[-0.07276180948390452,0.009003787678506072,0.002646545094754482]
[-0.04352322482332743,0.08832723464342095,-0.0605165321425014]
[-0.028139547291686884,0.05652089297419449,-4.8491073236494805E-4]
[-0.027583192580266765,0.04197085861164951,-0.03704769156871153]
[-0.04842842080542471,0.0677098402044927,-0.05515640227789001]
[1.2075817787605622E-4,-0.09126732039939998,-0.09443982120181857]
[-0.07343308743002351,-0.027017372008205708,0.05003331049199908]
[-0.07341901744609092,-0.02655416466730443,0.04988422434677016]
[-0.07929146418462174,-0.005168577253994708,0.01693256361154373]
[-0.04352322482332743,0.08832723464342095,-0.0605165321425014]
[-0.04352322482332743,0.08832723464342095,-0.0605165321425014]
[-0.07438931123162487,-0.03524265528324452,0.010751290430934285]
[-0.0126709751338083,0.021173291438957485,0.012493763557090375]
[-0.010642814558819453,-0.09003592008411725,-0.12218043821766253]
[-0.0776670054660018,-0.011613606760422189,0.00800667495936587]
[-0.020516988269229975,-0.07848342161462059,-0.10711815109220535]
[-0.08419666016671902,-0.02578597169292297,0.022292693476155118]
[-0.08419666016671902,-0.02578597169292297,0.022292693476155118]
[-0.02439805688924287,0.08186808694614772,-0.05055744147683283]
[-0.06477911582834453,-0.048741462064270526,-0.009370782160065757]
[-0.0036927543750204976,0.04652663460876945,0.06717839761877425]
[-0.08419666016671902,-0.02578597169292297,0.022292693476155118]
[-0.07465328953875505,-0.03718896359477386,0.005691504965391423]
[-0.012964284991595031,-0.05818158828625612,-0.08564303362816614]
[-0.04441967580159584,-0.04456581083407432,0.044781027886981545]
[-0.07438931123162487,-0.03524265528324452,0.010751290430934285]
[0.007249523342589843,0.0430791409953903,0.07975300267748581]
[-0.04352322482332743,0.08832723464342095,-0.0605165321425014]
[-0.08419666016671902,-0.02578597169292297,0.022292693476155118]
[-0.032759652086631924,0.08709583432813821,-0.03277591512665744]
[-0.08419666016671902,-0.02578597169292297,0.022292693476155118]
[-0.00411315985810224,-0.07586355515161647,-0.1364664567344518]
[-0.07151877841259714,-0.0033755280131440787,-0.01398161453450606]
[-0.08419666016671902,-0.02578597169292297,0.022292693476155118]
[-0.08419666016671902,-0.02578597169292297,0.022292693476155118]
[-0.010642814558819453,-0.09003592008411725,-0.12218043821766253]
[-0.05863964775358313,-0.017489268697872828,0.02946180735670159]
[-0.04352322482332743,0.08832723464342095,-0.0605165321425014]
[-0.031598989536079064,0.03167456232693516,0.011115342437201001]
[-0.06362573849492936,-0.03647405559852726,0.038491907446778245]
[-0.021609892590969675,0.07069325790669527,-0.014770929249154189]
[-0.0036927543750204976,0.04652663460876945,0.06717839761877425]
[0.005260680385449384,-0.06868086914479178,-0.10183152819224157]
[-0.08419666016671902,-0.02578597169292297,0.022292693476155118]
[-0.0776670054660018,-0.011613606760422189,0.00800667495936587]
[-0.03397985419536346,0.07692424274157006,-0.0771177206532651]
[-0.050052879524044636,0.07415486971092017,-0.04623051362571215]
[-0.04352322482332743,0.08832723464342095,-0.0605165321425014]
[-0.08419666016671902,-0.02578597169292297,0.022292693476155118]
[-0.07929146418462174,-0.005168577253994708,0.01693256361154373]
[-0.020516988269229975,-0.07848342161462059,-0.10711815109220535]
[-0.040178705813634114,0.06260237124142351,-0.06129280075116933]
[-0.03877490333655764,0.054651492260217344,-0.0683361984227645]
[-0.0336490511129169,0.07677473617392429,-0.07557881926795856]
[-0.024331232113926494,0.07977227206697261,-0.054078325557069165]
[-0.03794689622678103,0.06597757656451604,0.011056492312855895]
[-0.005516962335178708,-0.06791267617041032,-0.12942305906285662]
[-0.012686236700532268,-0.0557720726338255,-0.0807323343078522]
[-0.07341901744609092,-0.02655416466730443,0.04988422434677016]
[-0.08419666016671902,-0.02578597169292297,0.022292693476155118]
[-0.018596176663722912,0.045117901072343605,-0.017086099243128643]
[-0.07465328953875505,-0.03718896359477386,0.005691504965391423]
[-0.033715875888233285,0.0788705510530994,-0.07205793518772223]
[-0.0743224864563085,-0.03733847016241963,0.007230406350697938]
[-0.05546129682935412,-0.0457439261712222,0.012129711550823648]
[-0.022885478376221395,0.07554333585864155,-0.0478382022521146]
[-0.02466203519637305,0.07992177863461838,-0.05561722694237568]
[-0.08419666016671902,-0.02578597169292297,0.022292693476155118]
[-0.026679723570049198,0.052755164106764715,0.0056061264273606845]
[-0.08419666016671902,-0.02578597169292297,0.022292693476155118]
[-0.05702925901889577,-0.02439750554520159,0.020685004849752667]
[-0.08419666016671902,-0.02578597169292297,0.022292693476155118]
[-0.03397985419536346,0.07692424274157006,-0.0771177206532651]
[-0.04842842080542471,0.0677098402044927,-0.05515640227789001]
[-0.08419666016671902,-0.02578597169292297,0.022292693476155118]
[-0.04352322482332743,0.08832723464342095,-0.0605165321425014]
[-0.008720150594982688,-0.033032447135009024,-0.0691887209256543]
[-0.07465328953875505,-0.03718896359477386,0.005691504965391423]
[-0.037390541515360906,0.051427542201971044,-0.025506288523490687]
[-0.07487884116772861,-0.022788435799874645,0.04379318718704452]
[-0.0669034327293063,-0.012845007075704927,0.03574729197520983]
[-0.02791399566271332,0.04212036517929528,-0.03858659295401805]
[-0.08419666016671902,-0.02578597169292297,0.022292693476155118]
[-0.07465328953875505,-0.03718896359477386,0.005691504965391423]
[-0.06043027455766736,-0.013574033262797273,0.02183186881166944]
[-0.08419666016671902,-0.02578597169292297,0.022292693476155118]
[-0.08419666016671902,-0.02578597169292297,0.022292693476155118]
[-0.048649077046968164,0.066203990729714,-0.053273911297307325]
[-0.04352322482332743,0.08832723464342095,-0.0605165321425014]
[-0.028139547291686884,0.05652089297419449,-4.8491073236494805E-4]
[-0.0036927543750204976,0.04652663460876945,0.06717839761877425]
[-0.08419666016671902,-0.02578597169292297,0.022292693476155118]
[-0.037457366290677294,0.05352335708114617,-0.021985404443254353]
[-0.010642814558819453,-0.09003592008411725,-0.12218043821766253]
[-0.04352322482332743,0.08832723464342095,-0.0605165321425014]
[-0.009686590757218092,-0.08181063680907844,-0.08289841815659774]
[-0.07929146418462174,-0.005168577253994708,0.01693256361154373]
[-0.04352322482332743,0.08832723464342095,-0.0605165321425014]
[-0.04352322482332743,0.08832723464342095,-0.0605165321425014]
[-0.010642814558819453,-0.09003592008411725,-0.12218043821766253]
[-0.08419666016671902,-0.02578597169292297,0.022292693476155118]
[-0.0776670054660018,-0.011613606760422189,0.00800667495936587]
[-0.06500466745731809,-0.03434093426937131,0.028730900061587343]
[-0.08419666016671902,-0.02578597169292297,0.022292693476155118]
[-0.08419666016671902,-0.02578597169292297,0.022292693476155118]
[-0.08419666016671902,-0.02578597169292297,0.022292693476155118]
[-0.03794689622678103,0.06597757656451604,0.011056492312855895]
[-0.07465328953875505,-0.03718896359477386,0.005691504965391423]
[-0.08419666016671902,-0.02578597169292297,0.022292693476155118]
[-0.012066521963005703,0.05929026600484438,-0.031372117759917884]
[-0.07465328953875505,-0.03718896359477386,0.005691504965391423]
[-0.0036927543750204976,0.04652663460876945,0.06717839761877425]
[-0.028139547291686884,0.05652089297419449,-4.8491073236494805E-4]
[-0.07341901744609092,-0.02655416466730443,0.04988422434677016]
[-0.07487884116772861,-0.022788435799874645,0.04379318718704452]
[-0.03888505017746074,0.0563068483026418,-0.07175759078865371]
[-0.047262862867441746,-0.003617809066388253,-0.047484335955101986]
[-0.08419666016671902,-0.02578597169292297,0.022292693476155118]
[0.005850616252943474,0.03512364270691856,0.05057720910801056]
[-0.0013249955598290432,-0.08703838419106892,-0.10067994450677313]
[-0.06812363483803784,-0.02301659866227308,-0.008594513551397825]
[-0.07465328953875505,-0.03718896359477386,0.005691504965391423]
[-0.0743224864563085,-0.03733847016241963,0.007230406350697938]
[-0.07438931123162487,-0.03524265528324452,0.010751290430934285]
[-0.08419666016671902,-0.02578597169292297,0.022292693476155118]
[-0.006529654700717208,-0.014172364932500781,0.014286018516789241]
[-0.010642814558819453,-0.09003592008411725,-0.12218043821766253]
[-0.04842842080542471,0.0677098402044927,-0.05515640227789001]
[-0.023841702177822756,0.06731805258360274,-0.0871202223131794]
[-0.04352322482332743,0.08832723464342095,-0.0605165321425014]
[-0.07343308743002351,-0.027017372008205708,0.05003331049199908]
[0.005204659140888167,-0.07286601925856814,-0.11496596302356238]
[-0.08419666016671902,-0.02578597169292297,0.022292693476155118]
