[-0.014132283195489408,0.09233906567307143]
[-0.024356410945637508,0.025863355769498157]
[-0.009260596792122447,0.05060831285050251]
[0.03246118473747529,-0.09320739918117654]
[-0.014132283195489408,0.09233906567307143]
[-0.0037547162225934037,0.007317086925661562]
[-0.04963750002978956,-0.014207914756996242]
[-0.024356410945637508,0.025863355769498157]
[-0.08533500890634874,-0.020406602994164]
[-0.08533500890634874,-0.020406602994164]
[-0.014132283195489408,0.09233906567307143]
[0.03246118473747529,-0.09320739918117654]
[-0.014132283195489408,0.09233906567307143]
[-0.08533500890634874,-0.020406602994164]
[-0.08533500890634874,-0.020406602994164]
[-0.024356410945637508,0.025863355769498157]
[0.03246118473747529,-0.09320739918117654]
[-0.014132283195489408,0.09233906567307143]
[-0.014132283195489408,0.09233906567307143]
[-0.024356410945637508,0.025863355769498157]
[-0.05566500943344119,0.010787107504396813]
[-0.014132283195489408,0.09233906567307143]
[0.03246118473747529,-0.09320739918117654]
[-0.014132283195489408,0.09233906567307143]
[-0.08533500890634874,-0.020406602994164]
[-0.014132283195489408,0.09233906567307143]
[0.006469411527554696,0.07379279682923484]
[-0.08533500890634874,-0.020406602994164]
[-0.02922809734900447,0.06759410859206708]
[-0.08533500890634874,-0.020406602994164]
[0.03246118473747529,-0.09320739918117654]
[-0.044323911502519533,0.04284915151106272]
[-0.044323911502519533,0.04284915151106272]
[-0.08533500890634874,-0.020406602994164]
[-0.08533500890634874,-0.020406602994164]
[-0.014132283195489408,0.09233906567307143]
[-0.024356410945637508,0.025863355769498157]
[-0.02922809734900447,0.06759410859206708]
[0.03246118473747529,-0.09320739918117654]
[-0.06473331418330462,-0.0389528718380006]
[-0.02922809734900447,0.06759410859206708]
[0.005835217361392614,0.07535326993150687]
[-0.08533500890634874,-0.020406602994164]
[-0.014132283195489408,0.09233906567307143]
[-0.024356410945637508,0.025863355769498157]
[-0.08533500890634874,-0.020406602994164]
[-0.06473331418330462,-0.0389528718380006]
[-0.04963750002978956,-0.014207914756996242]
[-0.014132283195489408,0.09233906567307143]
[-0.08533500890634874,-0.020406602994164]
[-0.014132283195489408,0.09233906567307143]
[0.03246118473747529,-0.09320739918117654]
[-0.044323911502519533,0.04284915151106272]
[-0.08533500890634874,-0.020406602994164]
[0.03246118473747529,-0.09320739918117654]
[-0.08533500890634874,-0.020406602994164]
[-0.08533500890634874,-0.020406602994164]
[-0.08533500890634874,-0.020406602994164]
[0.011341097930921657,0.032062044006665916]
[0.047556998890990354,-0.06846244210017219]
[-0.08533500890634874,-0.020406602994164]
[-0.08533500890634874,-0.020406602994164]
[-0.04963750002978956,-0.014207914756996242]
[-0.06473331418330462,-0.0389528718380006]
[-0.08533500890634874,-0.020406602994164]
[-0.08533500890634874,-0.020406602994164]
[0.0,0.0]
[-0.040569195279926126,0.03553206458540117]
[0.047556998890990354,-0.06846244210017219]
[-0.025473381126411065,0.06027702166640552]
[-0.025473381126411065,0.06027702166640552]
[-0.08533500890634874,-0.020406602994164]
[0.004871686403366961,-0.041730752822568926]
[-0.044323911502519533,0.04284915151106272]
[-0.0653675083494667,-0.03739239873572857]
[0.012493684180593271,-0.07622160343961197]
[-0.024356410945637508,0.025863355769498157]
[-0.08533500890634874,-0.020406602994164]
[-0.08533500890634874,-0.020406602994164]
[-0.05566500943344119,0.010787107504396813]
[-0.08533500890634874,-0.020406602994164]
[-0.01509581415351506,-0.024744957081004354]
[-0.0037547162225934037,0.007317086925661562]
[0.03246118473747529,-0.09320739918117654]
[-0.024356410945637508,0.025863355769498157]
[-0.02922809734900447,0.06759410859206708]
[-0.024356410945637508,0.025863355769498157]
[-0.08533500890634874,-0.020406602994164]
[-0.02372221677947543,0.024302882667226133]
[-0.044323911502519533,0.04284915151106272]
[-0.08533500890634874,-0.020406602994164]
[-0.08533500890634874,-0.020406602994164]
[-0.025473381126411065,0.06027702166640552]
[-0.014132283195489408,0.09233906567307143]
[-0.05566500943344119,0.010787107504396813]
[-0.014132283195489408,0.09233906567307143]
[-0.08533500890634874,-0.020406602994164]
[-0.06473331418330462,-0.0389528718380006]
[-0.02922809734900447,0.06759410859206708]
[-0.08533500890634874,-0.020406602994164]
[-0.014132283195489408,0.09233906567307143]
[0.03246118473747529,-0.09320739918117654]
[-0.014132283195489408,0.09233906567307143]
[-0.08533500890634874,-0.020406602994164]
[-0.014132283195489408,0.09233906567307143]
[-0.0653675083494667,-0.03739239873572857]
[-0.009260596792122447,0.05060831285050251]
[-0.05566500943344119,0.010787107504396813]
[-0.08533500890634874,-0.020406602994164]
[-0.08533500890634874,-0.020406602994164]
[-0.014132283195489408,0.09233906567307143]
[0.004871686403366961,-0.041730752822568926]
[-0.08533500890634874,-0.020406602994164]
[-0.024356410945637508,0.025863355769498157]
[-0.014132283195489408,0.09233906567307143]
[-0.08533500890634874,-0.020406602994164]
[-0.08533500890634874,-0.020406602994164]
[0.03246118473747529,-0.09320739918117654]
[-0.01509581415351506,-0.024744957081004354]
[-0.06473331418330462,-0.0389528718380006]
[0.03246118473747529,-0.09320739918117654]
[-0.08533500890634874,-0.020406602994164]
[0.047556998890990354,-0.06846244210017219]
[-0.004871686403366961,0.041730752822568926]
[0.047556998890990354,-0.06846244210017219]
[-0.08533500890634874,-0.020406602994164]
[-0.014132283195489408,0.09233906567307143]
[-0.0653675083494667,-0.03739239873572857]
[-0.014132283195489408,0.09233906567307143]
[-0.08533500890634874,-0.020406602994164]
[-0.014132283195489408,0.09233906567307143]
[0.005835217361392614,0.07535326993150687]
[-0.08533500890634874,-0.020406602994164]
[-0.03569750887655916,-0.0061986882371677585]
[-0.040569195279926126,0.03553206458540117]
[-0.08533500890634874,-0.020406602994164]
[-0.08533500890634874,-0.020406602994164]
[-0.014132283195489408,0.09233906567307143]
[-0.08533500890634874,-0.020406602994164]
[-0.014132283195489408,0.09233906567307143]
[-0.08533500890634874,-0.020406602994164]
[-0.03569750887655916,-0.0061986882371677585]
[-0.014132283195489408,0.09233906567307143]
[-0.014132283195489408,0.09233906567307143]
[-0.08533500890634874,-0.020406602994164]
[-0.024356410945637508,0.025863355769498157]
[-0.044765813626422596,-0.05593866757956517]
[-0.08533500890634874,-0.020406602994164]
[0.03246118473747529,-0.09320739918117654]
[-0.08533500890634874,-0.020406602994164]
[0.006469411527554696,0.07379279682923484]
[-0.08533500890634874,-0.020406602994164]
[-0.08533500890634874,-0.020406602994164]
[0.047556998890990354,-0.06846244210017219]
[-0.024356410945637508,0.025863355769498157]
[-0.08533500890634874,-0.020406602994164]
[-0.08533500890634874,-0.020406602994164]
[0.006469411527554696,0.07379279682923484]
[-0.027589498334108332,0.05147664635860762]
[-0.0653675083494667,-0.03739239873572857]
[-0.0653675083494667,-0.03739239873572857]
[-0.014132283195489408,0.09233906567307143]
[-0.06473331418330462,-0.0389528718380006]
[0.03246118473747529,-0.09320739918117654]
[-0.014132283195489408,0.09233906567307143]
[-0.014132283195489408,0.09233906567307143]
[0.026436912084436718,0.05680700108767027]
[-0.08533500890634874,-0.020406602994164]
[0.03246118473747529,-0.09320739918117654]
[-0.0037547162225934037,0.007317086925661562]
[0.03246118473747529,-0.09320739918117654]
[-0.014132283195489408,0.09233906567307143]
[-0.08533500890634874,-0.020406602994164]
[-0.08533500890634874,-0.020406602994164]
[-0.05027169419595165,-0.012647441654724218]
[-0.08533500890634874,-0.020406602994164]
[-0.08533500890634874,-0.020406602994164]
[-0.014132283195489408,0.09233906567307143]
[-0.024356410945637508,0.025863355769498157]
[-0.014132283195489408,0.09233906567307143]
[0.02695530416794625,-0.04991617325633559]
[-0.08533500890634874,-0.020406602994164]
[-0.05566500943344119,0.010787107504396813]
[-0.02922809734900447,0.06759410859206708]
[-0.044323911502519533,0.04284915151106272]
[0.03246118473747529,-0.09320739918117654]
[0.01185949001443119,-0.07466113033733995]
[-0.08533500890634874,-0.020406602994164]
[-0.0037547162225934037,0.007317086925661562]
[-0.024356410945637508,0.025863355769498157]
[-0.014132283195489408,0.09233906567307143]
[-0.07023919475283366,0.0043383540868403535]
[-0.014132283195489408,0.09233906567307143]
[-0.024356410945637508,0.025863355769498157]
[-0.0037547162225934037,0.007317086925661562]
[-0.014132283195489408,0.09233906567307143]
[0.03246118473747529,-0.09320739918117654]
[-0.08533500890634874,-0.020406602994164]
[-0.08533500890634874,-0.020406602994164]
[-0.08533500890634874,-0.020406602994164]
[-0.014132283195489408,0.09233906567307143]
[-0.014132283195489408,0.09233906567307143]
[-0.0653675083494667,-0.03739239873572857]
[-0.02372221677947543,0.024302882667226133]
[0.03246118473747529,-0.09320739918117654]
[-0.07023919475283366,0.0043383540868403535]
[0.01185949001443119,-0.07466113033733995]
[-0.08533500890634874,-0.020406602994164]
[-0.08533500890634874,-0.020406602994164]
[0.005835217361392614,0.07535326993150687]
[-0.06473331418330462,-0.0389528718380006]
[-0.024356410945637508,0.025863355769498157]
[-0.08533500890634874,-0.020406602994164]
[-0.08533500890634874,-0.020406602994164]
[0.0076219977772263095,-0.034490850617043045]
[-0.044765813626422596,-0.05593866757956517]
[-0.0653675083494667,-0.03739239873572857]
[-0.009260596792122447,0.05060831285050251]
[-0.014132283195489408,0.09233906567307143]
[-0.08533500890634874,-0.020406602994164]
[-0.014132283195489408,0.09233906567307143]
[-0.08533500890634874,-0.020406602994164]
[0.047556998890990354,-0.06846244210017219]
[-0.05566500943344119,0.010787107504396813]
[-0.08533500890634874,-0.020406602994164]
[-0.08533500890634874,-0.020406602994164]
[0.03246118473747529,-0.09320739918117654]
[-0.06473331418330462,-0.0389528718380006]
[-0.014132283195489408,0.09233906567307143]
[-0.024356410945637508,0.025863355769498157]
[-0.0653675083494667,-0.03739239873572857]
[-0.009260596792122447,0.05060831285050251]
[-0.024356410945637508,0.025863355769498157]
[0.04380228266839695,-0.06114535517451063]
[-0.08533500890634874,-0.020406602994164]
[-0.07023919475283366,0.0043383540868403535]
[-0.014132283195489408,0.09233906567307143]
[-0.02922809734900447,0.06759410859206708]
[-0.014132283195489408,0.09233906567307143]
[-0.08533500890634874,-0.020406602994164]
[-0.08533500890634874,-0.020406602994164]
[0.01185949001443119,-0.07466113033733995]
[-0.008626402625960365,0.04904783974823049]
[-0.004871686403366961,0.041730752822568926]
[0.006469411527554696,0.07379279682923484]
[0.006469411527554696,0.07379279682923484]
[-0.044323911502519533,0.04284915151106272]
[0.04380228266839695,-0.06114535517451063]
[0.027589498334108332,-0.05147664635860762]
[-0.08533500890634874,-0.020406602994164]
[-0.08533500890634874,-0.020406602994164]
[-0.024356410945637508,0.025863355769498157]
[-0.08533500890634874,-0.020406602994164]
[0.005835217361392614,0.07535326993150687]
[-0.06473331418330462,-0.0389528718380006]
[-0.06473331418330462,-0.0389528718380006]
[0.006469411527554696,0.07379279682923484]
[-0.014132283195489408,0.09233906567307143]
[-0.08533500890634874,-0.020406602994164]
[-0.024356410945637508,0.025863355769498157]
[-0.08533500890634874,-0.020406602994164]
[-0.04963750002978956,-0.014207914756996242]
[-0.08533500890634874,-0.020406602994164]
[-0.014132283195489408,0.09233906567307143]
[-0.014132283195489408,0.09233906567307143]
[-0.08533500890634874,-0.020406602994164]
[-0.014132283195489408,0.09233906567307143]
[0.004871686403366961,-0.041730752822568926]
[-0.08533500890634874,-0.020406602994164]
[-0.02372221677947543,0.024302882667226133]
[-0.08533500890634874,-0.020406602994164]
[-0.07023919475283366,0.0043383540868403535]
[-0.024356410945637508,0.025863355769498157]
[-0.08533500890634874,-0.020406602994164]
[-0.08533500890634874,-0.020406602994164]
[-0.08533500890634874,-0.020406602994164]
[-0.08533500890634874,-0.020406602994164]
[-0.08533500890634874,-0.020406602994164]
[-0.025473381126411065,0.06027702166640552]
[-0.014132283195489408,0.09233906567307143]
[-0.024356410945637508,0.025863355769498157]
[-0.024356410945637508,0.025863355769498157]
[-0.08533500890634874,-0.020406602994164]
[-0.024356410945637508,0.025863355769498157]
[0.03246118473747529,-0.09320739918117654]
[-0.014132283195489408,0.09233906567307143]
[0.012493684180593271,-0.07622160343961197]
[-0.08533500890634874,-0.020406602994164]
[-0.014132283195489408,0.09233906567307143]
[-0.014132283195489408,0.09233906567307143]
[0.03246118473747529,-0.09320739918117654]
[-0.08533500890634874,-0.020406602994164]
[-0.07023919475283366,0.0043383540868403535]
[-0.06473331418330462,-0.0389528718380006]
[-0.08533500890634874,-0.020406602994164]
[-0.08533500890634874,-0.020406602994164]
[-0.08533500890634874,-0.020406602994164]
[-0.044323911502519533,0.04284915151106272]
[-0.08533500890634874,-0.020406602994164]
[-0.08533500890634874,-0.020406602994164]
[-0.009260596792122447,0.05060831285050251]
[-0.08533500890634874,-0.020406602994164]
[-0.024356410945637508,0.025863355769498157]
[-0.024356410945637508,0.025863355769498157]
[-0.08533500890634874,-0.020406602994164]
[-0.08533500890634874,-0.020406602994164]
[-0.014132283195489408,0.09233906567307143]
[-0.03569750887655916,-0.0061986882371677585]
[-0.08533500890634874,-0.020406602994164]
[-0.024356410945637508,0.025863355769498157]
[0.03246118473747529,-0.09320739918117654]
[-0.07023919475283366,0.0043383540868403535]
[-0.08533500890634874,-0.020406602994164]
[-0.06473331418330462,-0.0389528718380006]
[-0.0653675083494667,-0.03739239873572857]
[-0.08533500890634874,-0.020406602994164]
[-0.01509581415351506,-0.024744957081004354]
[0.03246118473747529,-0.09320739918117654]
[-0.014132283195489408,0.09233906567307143]
[0.026436912084436718,0.05680700108767027]
[-0.014132283195489408,0.09233906567307143]
[-0.08533500890634874,-0.020406602994164]
[0.047556998890990354,-0.06846244210017219]
[-0.08533500890634874,-0.020406602994164]
